11001000000	11001000000
11001001000	11001001000
11001001000	11001000000
11001002000	11001002000
11001002000	11001000000
11001003000	11001003000
11001003000	11001000000
11001004000	11001004000
11001004000	11001000000
11001005000	11001005000
11001005000	11001000000
11001006000	11001006000
11001006000	11001000000
11001007000	11001007000
11001007000	11001000000
11001008000	11001008000
11001008000	11001000000
11001009000	11001009000
11001009000	11001000000
11002000000	11002000000
11002001000	11002001000
11002001000	11002000000
11002002000	11002002000
11002002000	11002000000
11002003000	11002003000
11002003000	11002000000
11002004000	11002004000
11002004000	11002000000
11002005000	11002005000
11002005000	11002000000
11002006000	11002006000
11002006000	11002000000
11002007000	11002007000
11002007000	11002000000
11002008000	11002008000
11002008000	11002000000
11002009000	11002009000
11002009000	11002000000
11002010000	11002010000
11002010000	11002000000
11002011000	11002011000
11002011000	11002000000
11002012000	11002012000
11002012000	11002000000
11002013000	11002013000
11002013000	11002000000
11002014000	11002014000
11002014000	11002000000
11002015000	11002015000
11002015000	11002000000
11002016000	11002016000
11002016000	11002000000
11002017000	11002017000
11002017000	11002000000
11002018000	11002018000
11002018000	11002000000
11002019000	11002019000
11002019000	11002000000
11002020000	11002020000
11002020000	11002000000
11002021000	11002021000
11002021000	11002000000
11002022000	11002022000
11002022000	11002000000
11002023000	11002023000
11002023000	11002000000
11002024000	11002024000
11002024000	11002000000
11002025000	11002025000
11002025000	11002000000
11002026000	11002026000
11002026000	11002000000
11002027000	11002027000
11002027000	11002000000
11003000000	11003000000
11003001000	11003001000
11003001000	11003000000
11003002000	11003002000
11003002000	11003000000
11003003000	11003003000
11003003000	11003000000
11003004000	11003004000
11003004000	11003000000
11003005000	11003005000
11003005000	11003000000
11004000000	11004000000
11004001000	11004001000
11004001000	11004000000
11004001001	11004001001
11004001001	11004001000
11004001001	11004000000
11004001002	11004001002
11004001002	11004001000
11004001002	11004000000
11004001003	11004001003
11004001003	11004001000
11004001003	11004000000
11004002000	11004002000
11004002000	11004000000
11004002001	11004002001
11004002001	11004002000
11004002001	11004000000
11004002002	11004002002
11004002002	11004002000
11004002002	11004000000
11004002003	11004002003
11004002003	11004002000
11004002003	11004000000
11004003000	11004003000
11004003000	11004000000
11004003001	11004003001
11004003001	11004003000
11004003001	11004000000
11004003002	11004003002
11004003002	11004003000
11004003002	11004000000
11004003003	11004003003
11004003003	11004003000
11004003003	11004000000
11004004000	11004004000
11004004000	11004000000
11004004001	11004004001
11004004001	11004004000
11004004001	11004000000
11004004002	11004004002
11004004002	11004004000
11004004002	11004000000
11004004003	11004004003
11004004003	11004004000
11004004003	11004000000
11004004004	11004004004
11004004004	11004004000
11004004004	11004000000
11005000000	11005000000
11005001000	11005001000
11005001000	11005000000
11005002000	11005002000
11005002000	11005000000
11005003000	11005003000
11005003000	11005000000
11005004000	11005004000
11005004000	11005000000
11005005000	11005005000
11005005000	11005000000
11005006000	11005006000
11005006000	11005000000
11005007000	11005007000
11005007000	11005000000
11005008000	11005008000
11005008000	11005000000
11005009000	11005009000
11005009000	11005000000
11005010000	11005010000
11005010000	11005000000
11006000000	11006000000
11007000000	11007000000
12002000000	12002000000
12002001000	12002001000
12002001000	12002000000
12002002000	12002002000
12002002000	12002000000
12002002001	12002002001
12002002001	12002002000
12002002001	12002000000
12002002002	12002002002
12002002002	12002002000
12002002002	12002000000
12002002003	12002002003
12002002003	12002002000
12002002003	12002000000
12002002004	12002002004
12002002004	12002002000
12002002004	12002000000
12002002005	12002002005
12002002005	12002002000
12002002005	12002000000
12002003000	12002003000
12002003000	12002000000
12002003001	12002003001
12002003001	12002003000
12002003001	12002000000
12002003002	12002003002
12002003002	12002003000
12002003002	12002000000
12002003003	12002003003
12002003003	12002003000
12002003003	12002000000
12002003004	12002003004
12002003004	12002003000
12002003004	12002000000
12002003005	12002003005
12002003005	12002003000
12002003005	12002000000
12002003006	12002003006
12002003006	12002003000
12002003006	12002000000
12002004000	12002004000
12002004000	12002000000
12002005000	12002005000
12002005000	12002000000
12002006000	12002006000
12002006000	12002000000
12005000000	12005000000
12006000000	12006000000
12006001000	12006001000
12006001000	12006000000
12006002000	12006002000
12006002000	12006000000
12006003000	12006003000
12006003000	12006000000
12006004000	12006004000
12006004000	12006000000
12006005000	12006005000
12006005000	12006000000
12006006000	12006006000
12006006000	12006000000
12006007000	12006007000
12006007000	12006000000
12006008000	12006008000
12006008000	12006000000
12006009000	12006009000
12006009000	12006000000
12008000000	12008000000
12008001000	12008001000
12008001000	12008000000
12008002000	12008002000
12008002000	12008000000
12008003000	12008003000
12008003000	12008000000
12008004000	12008004000
12008004000	12008000000
12008004001	12008004001
12008004001	12008004000
12008004001	12008000000
12008004002	12008004002
12008004002	12008004000
12008004002	12008000000
12008004003	12008004003
12008004003	12008004000
12008004003	12008000000
12008004004	12008004004
12008004004	12008004000
12008004004	12008000000
12008004005	12008004005
12008004005	12008004000
12008004005	12008000000
12008004006	12008004006
12008004006	12008004000
12008004006	12008000000
12008004007	12008004007
12008004007	12008004000
12008004007	12008000000
12008004008	12008004008
12008004008	12008004000
12008004008	12008000000
12008004009	12008004009
12008004009	12008004000
12008004009	12008000000
12008004011	12008004011
12008004011	12008004000
12008004011	12008000000
12008004012	12008004012
12008004012	12008004000
12008004012	12008000000
12008004013	12008004013
12008004013	12008004000
12008004013	12008000000
12008004014	12008004014
12008004014	12008004000
12008004014	12008000000
12008004015	12008004015
12008004015	12008004000
12008004015	12008000000
12008004016	12008004016
12008004016	12008004000
12008004016	12008000000
12008004017	12008004017
12008004017	12008004000
12008004017	12008000000
12008004018	12008004018
12008004018	12008004000
12008004018	12008000000
12008004019	12008004019
12008004019	12008004000
12008004019	12008000000
12008004020	12008004020
12008004020	12008004000
12008004020	12008000000
12008004021	12008004021
12008004021	12008004000
12008004021	12008000000
12008004022	12008004022
12008004022	12008004000
12008004022	12008000000
12008004023	12008004023
12008004023	12008004000
12008004023	12008000000
12008004024	12008004024
12008004024	12008004000
12008004024	12008000000
12008004025	12008004025
12008004025	12008004000
12008004025	12008000000
12008004026	12008004026
12008004026	12008004000
12008004026	12008000000
12008004027	12008004027
12008004027	12008004000
12008004027	12008000000
12008004028	12008004028
12008004028	12008004000
12008004028	12008000000
12008004029	12008004029
12008004029	12008004000
12008004029	12008000000
12008004030	12008004030
12008004030	12008004000
12008004030	12008000000
12008004031	12008004031
12008004031	12008004000
12008004031	12008000000
12008005000	12008005000
12008005000	12008000000
12008006000	12008006000
12008006000	12008000000
12008006001	12008006001
12008006001	12008006000
12008006001	12008000000
12008006002	12008006002
12008006002	12008006000
12008006002	12008000000
12008006003	12008006003
12008006003	12008006000
12008006003	12008000000
12008006004	12008006004
12008006004	12008006000
12008006004	12008000000
12008006005	12008006005
12008006005	12008006000
12008006005	12008000000
12008006006	12008006006
12008006006	12008006000
12008006006	12008000000
12008006007	12008006007
12008006007	12008006000
12008006007	12008000000
12008006008	12008006008
12008006008	12008006000
12008006008	12008000000
12008006009	12008006009
12008006009	12008006000
12008006009	12008000000
12008006010	12008006010
12008006010	12008006000
12008006010	12008000000
12008006011	12008006011
12008006011	12008006000
12008006011	12008000000
12008006012	12008006012
12008006012	12008006000
12008006012	12008000000
12008006013	12008006013
12008006013	12008006000
12008006013	12008000000
12008006014	12008006014
12008006014	12008006000
12008006014	12008000000
12008006015	12008006015
12008006015	12008006000
12008006015	12008000000
12008006016	12008006016
12008006016	12008006000
12008006016	12008000000
12008006017	12008006017
12008006017	12008006000
12008006017	12008000000
12008006018	12008006018
12008006018	12008006000
12008006018	12008000000
12008006019	12008006019
12008006019	12008006000
12008006019	12008000000
12008006020	12008006020
12008006020	12008006000
12008006020	12008000000
12008006021	12008006021
12008006021	12008006000
12008006021	12008000000
12008006022	12008006022
12008006022	12008006000
12008006022	12008000000
12008006023	12008006023
12008006023	12008006000
12008006023	12008000000
12008006024	12008006024
12008006024	12008006000
12008006024	12008000000
12008006025	12008006025
12008006025	12008006000
12008006025	12008000000
12008006026	12008006026
12008006026	12008006000
12008006026	12008000000
12008006027	12008006027
12008006027	12008006000
12008006027	12008000000
12008006028	12008006028
12008006028	12008006000
12008006028	12008000000
12010000000	12010000000
12011000000	12011000000
12011001000	12011001000
12011001000	12011000000
12011002000	12011002000
12011002000	12011000000
12011002001	12011002001
12011002001	12011002000
12011002001	12011000000
12011002002	12011002002
12011002002	12011002000
12011002002	12011000000
12011002003	12011002003
12011002003	12011002000
12011002003	12011000000
12011002004	12011002004
12011002004	12011002000
12011002004	12011000000
12011002005	12011002005
12011002005	12011002000
12011002005	12011000000
12011003000	12011003000
12011003000	12011000000
12012000000	12012000000
12012001000	12012001000
12012001000	12012000000
12012001001	12012001001
12012001001	12012001000
12012001001	12012000000
12012001002	12012001002
12012001002	12012001000
12012001002	12012000000
12012001003	12012001003
12012001003	12012001000
12012001003	12012000000
12012001004	12012001004
12012001004	12012001000
12012001004	12012000000
12012002000	12012002000
12012002000	12012000000
12012002001	12012002001
12012002001	12012002000
12012002001	12012000000
12012002002	12012002002
12012002002	12012002000
12012002002	12012000000
12012002003	12012002003
12012002003	12012002000
12012002003	12012000000
12012002004	12012002004
12012002004	12012002000
12012002004	12012000000
12012002005	12012002005
12012002005	12012002000
12012002005	12012000000
12012002006	12012002006
12012002006	12012002000
12012002006	12012000000
12012002007	12012002007
12012002007	12012002000
12012002007	12012000000
12012002008	12012002008
12012002008	12012002000
12012002008	12012000000
12012004000	12012004000
12012004000	12012000000
12012004001	12012004001
12012004001	12012004000
12012004001	12012000000
12012004002	12012004002
12012004002	12012004000
12012004002	12012000000
12012004003	12012004003
12012004003	12012004000
12012004003	12012000000
12012004004	12012004004
12012004004	12012004000
12012004004	12012000000
12012004005	12012004005
12012004005	12012004000
12012004005	12012000000
12012004006	12012004006
12012004006	12012004000
12012004006	12012000000
12012004007	12012004007
12012004007	12012004000
12012004007	12012000000
12012004008	12012004008
12012004008	12012004000
12012004008	12012000000
12012004009	12012004009
12012004009	12012004000
12012004009	12012000000
12012004010	12012004010
12012004010	12012004000
12012004010	12012000000
12012004011	12012004011
12012004011	12012004000
12012004011	12012000000
12012004012	12012004012
12012004012	12012004000
12012004012	12012000000
12012004013	12012004013
12012004013	12012004000
12012004013	12012000000
12012004014	12012004014
12012004014	12012004000
12012004014	12012000000
12012004015	12012004015
12012004015	12012004000
12012004015	12012000000
12012004016	12012004016
12012004016	12012004000
12012004016	12012000000
12012005000	12012005000
12012005000	12012000000
12014000000	12014000000
12014001000	12014001000
12014001000	12014000000
12014002000	12014002000
12014002000	12014000000
12014003000	12014003000
12014003000	12014000000
12014004000	12014004000
12014004000	12014000000
12014005000	12014005000
12014005000	12014000000
12014006000	12014006000
12014006000	12014000000
12014007000	12014007000
12014007000	12014000000
12014008000	12014008000
12014008000	12014000000
12015000000	12015000000
12015002000	12015002000
12015002000	12015000000
12015006000	12015006000
12015006000	12015000000
12015006001	12015006001
12015006001	12015006000
12015006001	12015000000
12015006002	12015006002
12015006002	12015006000
12015006002	12015000000
12015006003	12015006003
12015006003	12015006000
12015006003	12015000000
12015006004	12015006004
12015006004	12015006000
12015006004	12015000000
12015006005	12015006005
12015006005	12015006000
12015006005	12015000000
12016000000	12016000000
12017000000	12017000000
12017002000	12017002000
12017002000	12017000000
12017004000	12017004000
12017004000	12017000000
12017007000	12017007000
12017007000	12017000000
12017007001	12017007001
12017007001	12017007000
12017007001	12017000000
12017007002	12017007002
12017007002	12017007000
12017007002	12017000000
12017007003	12017007003
12017007003	12017007000
12017007003	12017000000
12017007004	12017007004
12017007004	12017007000
12017007004	12017000000
12017007005	12017007005
12017007005	12017007000
12017007005	12017000000
12017007006	12017007006
12017007006	12017007000
12017007006	12017000000
12017007007	12017007007
12017007007	12017007000
12017007007	12017000000
12017007008	12017007008
12017007008	12017007000
12017007008	12017000000
12017007009	12017007009
12017007009	12017007000
12017007009	12017000000
12017007010	12017007010
12017007010	12017007000
12017007010	12017000000
12017007011	12017007011
12017007011	12017007000
12017007011	12017000000
12017007012	12017007012
12017007012	12017007000
12017007012	12017000000
12019000000	12019000000
12020000000	12020000000
12020001000	12020001000
12020001000	12020000000
12020002000	12020002000
12020002000	12020000000
12020003000	12020003000
12020003000	12020000000
12020004000	12020004000
12020004000	12020000000
12020005000	12020005000
12020005000	12020000000
12020006000	12020006000
12020006000	12020000000
12020007000	12020007000
12020007000	12020000000
12020008000	12020008000
12020008000	12020000000
12020009000	12020009000
12020009000	12020000000
12020010000	12020010000
12020010000	12020000000
12020011000	12020011000
12020011000	12020000000
12020012000	12020012000
12020012000	12020000000
12020013000	12020013000
12020013000	12020000000
12020014000	12020014000
12020014000	12020000000
12021000000	12021000000
12021001000	12021001000
12021001000	12021000000
12021002000	12021002000
12021002000	12021000000
12021003000	12021003000
12021003000	12021000000
12021004000	12021004000
12021004000	12021000000
12021005000	12021005000
12021005000	12021000000
12021006000	12021006000
12021006000	12021000000
12021007000	12021007000
12021007000	12021000000
12021008000	12021008000
12021008000	12021000000
12021009000	12021009000
12021009000	12021000000
12021010000	12021010000
12021010000	12021000000
12021011000	12021011000
12021011000	12021000000
12021012000	12021012000
12021012000	12021000000
12021013000	12021013000
12021013000	12021000000
12021014000	12021014000
12021014000	12021000000
12021015000	12021015000
12021015000	12021000000
12023000000	12023000000
12023001000	12023001000
12023001000	12023000000
12023002000	12023002000
12023002000	12023000000
12023003000	12023003000
12023003000	12023000000
12023004000	12023004000
12023004000	12023000000
12023005000	12023005000
12023005000	12023000000
12023006000	12023006000
12023006000	12023000000
12023007000	12023007000
12023007000	12023000000
12023008000	12023008000
12023008000	12023000000
12023009000	12023009000
12023009000	12023000000
12023010000	12023010000
12023010000	12023000000
12023011000	12023011000
12023011000	12023000000
12024000000	12024000000
12024001000	12024001000
12024001000	12024000000
12024002000	12024002000
12024002000	12024000000
12024003000	12024003000
12024003000	12024000000
12024004000	12024004000
12024004000	12024000000
12024005000	12024005000
12024005000	12024000000
12024006000	12024006000
12024006000	12024000000
12024007000	12024007000
12024007000	12024000000
12024008000	12024008000
12024008000	12024000000
12024009000	12024009000
12024009000	12024000000
12025000000	12025000000
12026000000	12026000000
12026001000	12026001000
12026001000	12026000000
12026002000	12026002000
12026002000	12026000000
12026003000	12026003000
12026003000	12026000000
12027000000	12027000000
12027001000	12027001000
12027001000	12027000000
12027002000	12027002000
12027002000	12027000000
12027002001	12027002001
12027002001	12027002000
12027002001	12027000000
12027002002	12027002002
12027002002	12027002000
12027002002	12027000000
12027003000	12027003000
12027003000	12027000000
12028000000	12028000000
13001000000	13001000000
13001001000	13001001000
13001001000	13001000000
13001002000	13001002000
13001002000	13001000000
13003000000	13003000000
13003001000	13003001000
13003001000	13003000000
13003002000	13003002000
13003002000	13003000000
13003003000	13003003000
13003003000	13003000000
13003004000	13003004000
13003004000	13003000000
13004000000	13004000000
13004001000	13004001000
13004001000	13004000000
13004001001	13004001001
13004001001	13004001000
13004001001	13004000000
13004001002	13004001002
13004001002	13004001000
13004001002	13004000000
13004001003	13004001003
13004001003	13004001000
13004001003	13004000000
13004002000	13004002000
13004002000	13004000000
13004002001	13004002001
13004002001	13004002000
13004002001	13004000000
13004002002	13004002002
13004002002	13004002000
13004002002	13004000000
13004003000	13004003000
13004003000	13004000000
13004003001	13004003001
13004003001	13004003000
13004003001	13004000000
13004003002	13004003002
13004003002	13004003000
13004003002	13004000000
13004003003	13004003003
13004003003	13004003000
13004003003	13004000000
13004003004	13004003004
13004003004	13004003000
13004003004	13004000000
13004004000	13004004000
13004004000	13004000000
13007000000	13007000000
13007001000	13007001000
13007001000	13007000000
13007002000	13007002000
13007002000	13007000000
13007002001	13007002001
13007002001	13007002000
13007002001	13007000000
13007002002	13007002002
13007002002	13007002000
13007002002	13007000000
13007002003	13007002003
13007002003	13007002000
13007002003	13007000000
13007002004	13007002004
13007002004	13007002000
13007002004	13007000000
13007002005	13007002005
13007002005	13007002000
13007002005	13007000000
13007002006	13007002006
13007002006	13007002000
13007002006	13007000000
13007003000	13007003000
13007003000	13007000000
13007003001	13007003001
13007003001	13007003000
13007003001	13007000000
13007003002	13007003002
13007003002	13007003000
13007003002	13007000000
13007004000	13007004000
13007004000	13007000000
13007004001	13007004001
13007004001	13007004000
13007004001	13007000000
13007004002	13007004002
13007004002	13007004000
13007004002	13007000000
13007005000	13007005000
13007005000	13007000000
13009000000	13009000000
13009001000	13009001000
13009001000	13009000000
13009002000	13009002000
13009002000	13009000000
13009003000	13009003000
13009003000	13009000000
13009004000	13009004000
13009004000	13009000000
13009005000	13009005000
13009005000	13009000000
13009006000	13009006000
13009006000	13009000000
13009007000	13009007000
13009007000	13009000000
13009008000	13009008000
13009008000	13009000000
13009009000	13009009000
13009009000	13009000000
13009010000	13009010000
13009010000	13009000000
13012000000	13012000000
13012001000	13012001000
13012001000	13012000000
13012001001	13012001001
13012001001	13012001000
13012001001	13012000000
13012001002	13012001002
13012001002	13012001000
13012001002	13012000000
13012001003	13012001003
13012001003	13012001000
13012001003	13012000000
13012001004	13012001004
13012001004	13012001000
13012001004	13012000000
13012002000	13012002000
13012002000	13012000000
13012002001	13012002001
13012002001	13012002000
13012002001	13012000000
13012002002	13012002002
13012002002	13012002000
13012002002	13012000000
13012002003	13012002003
13012002003	13012002000
13012002003	13012000000
13012002004	13012002004
13012002004	13012002000
13012002004	13012000000
13012002005	13012002005
13012002005	13012002000
13012002005	13012000000
13012002006	13012002006
13012002006	13012002000
13012002006	13012000000
13012002007	13012002007
13012002007	13012002000
13012002007	13012000000
13012002008	13012002008
13012002008	13012002000
13012002008	13012000000
13012003000	13012003000
13012003000	13012000000
13012003001	13012003001
13012003001	13012003000
13012003001	13012000000
13012003002	13012003002
13012003002	13012003000
13012003002	13012000000
13012003003	13012003003
13012003003	13012003000
13012003003	13012000000
13012003004	13012003004
13012003004	13012003000
13012003004	13012000000
13012003005	13012003005
13012003005	13012003000
13012003005	13012000000
13012003006	13012003006
13012003006	13012003000
13012003006	13012000000
13012003007	13012003007
13012003007	13012003000
13012003007	13012000000
13012003008	13012003008
13012003008	13012003000
13012003008	13012000000
13012003009	13012003009
13012003009	13012003000
13012003009	13012000000
13012003010	13012003010
13012003010	13012003000
13012003010	13012000000
13012003011	13012003011
13012003011	13012003000
13012003011	13012000000
13012003012	13012003012
13012003012	13012003000
13012003012	13012000000
13012003013	13012003013
13012003013	13012003000
13012003013	13012000000
13012003014	13012003014
13012003014	13012003000
13012003014	13012000000
13012003015	13012003015
13012003015	13012003000
13012003015	13012000000
13012003016	13012003016
13012003016	13012003000
13012003016	13012000000
13012003017	13012003017
13012003017	13012003000
13012003017	13012000000
13012003018	13012003018
13012003018	13012003000
13012003018	13012000000
13012003019	13012003019
13012003019	13012003000
13012003019	13012000000
13012003020	13012003020
13012003020	13012003000
13012003020	13012000000
13012003021	13012003021
13012003021	13012003000
13012003021	13012000000
13012003022	13012003022
13012003022	13012003000
13012003022	13012000000
13012003023	13012003023
13012003023	13012003000
13012003023	13012000000
13012003024	13012003024
13012003024	13012003000
13012003024	13012000000
13012003025	13012003025
13012003025	13012003000
13012003025	13012000000
13012003026	13012003026
13012003026	13012003000
13012003026	13012000000
13012003027	13012003027
13012003027	13012003000
13012003027	13012000000
13012003028	13012003028
13012003028	13012003000
13012003028	13012000000
13012003029	13012003029
13012003029	13012003000
13012003029	13012000000
13012003030	13012003030
13012003030	13012003000
13012003030	13012000000
13012003031	13012003031
13012003031	13012003000
13012003031	13012000000
13012003032	13012003032
13012003032	13012003000
13012003032	13012000000
13012003033	13012003033
13012003033	13012003000
13012003033	13012000000
13012003034	13012003034
13012003034	13012003000
13012003034	13012000000
13012003035	13012003035
13012003035	13012003000
13012003035	13012000000
13012003036	13012003036
13012003036	13012003000
13012003036	13012000000
13012003037	13012003037
13012003037	13012003000
13012003037	13012000000
13012003038	13012003038
13012003038	13012003000
13012003038	13012000000
13012003039	13012003039
13012003039	13012003000
13012003039	13012000000
13012003040	13012003040
13012003040	13012003000
13012003040	13012000000
13012003041	13012003041
13012003041	13012003000
13012003041	13012000000
13012003042	13012003042
13012003042	13012003000
13012003042	13012000000
13012003043	13012003043
13012003043	13012003000
13012003043	13012000000
13012003044	13012003044
13012003044	13012003000
13012003044	13012000000
13012003045	13012003045
13012003045	13012003000
13012003045	13012000000
13012003046	13012003046
13012003046	13012003000
13012003046	13012000000
13012003047	13012003047
13012003047	13012003000
13012003047	13012000000
13012003048	13012003048
13012003048	13012003000
13012003048	13012000000
13012003049	13012003049
13012003049	13012003000
13012003049	13012000000
13012003050	13012003050
13012003050	13012003000
13012003050	13012000000
13012003051	13012003051
13012003051	13012003000
13012003051	13012000000
13012004000	13012004000
13012004000	13012000000
13012004001	13012004001
13012004001	13012004000
13012004001	13012000000
13012004002	13012004002
13012004002	13012004000
13012004002	13012000000
13012004003	13012004003
13012004003	13012004000
13012004003	13012000000
13012004004	13012004004
13012004004	13012004000
13012004004	13012000000
13012004005	13012004005
13012004005	13012004000
13012004005	13012000000
13012004006	13012004006
13012004006	13012004000
13012004006	13012000000
13012004007	13012004007
13012004007	13012004000
13012004007	13012000000
13012004008	13012004008
13012004008	13012004000
13012004008	13012000000
13012004009	13012004009
13012004009	13012004000
13012004009	13012000000
13012004010	13012004010
13012004010	13012004000
13012004010	13012000000
13012004011	13012004011
13012004011	13012004000
13012004011	13012000000
13012004012	13012004012
13012004012	13012004000
13012004012	13012000000
13012004013	13012004013
13012004013	13012004000
13012004013	13012000000
13012004014	13012004014
13012004014	13012004000
13012004014	13012000000
13012004015	13012004015
13012004015	13012004000
13012004015	13012000000
13012004016	13012004016
13012004016	13012004000
13012004016	13012000000
13012005000	13012005000
13012005000	13012000000
13013000000	13013000000
13013001000	13013001000
13013001000	13013000000
13013001001	13013001001
13013001001	13013001000
13013001001	13013000000
13013001002	13013001002
13013001002	13013001000
13013001002	13013000000
13013001003	13013001003
13013001003	13013001000
13013001003	13013000000
13013001004	13013001004
13013001004	13013001000
13013001004	13013000000
13013002000	13013002000
13013002000	13013000000
13013002001	13013002001
13013002001	13013002000
13013002001	13013000000
13013002002	13013002002
13013002002	13013002000
13013002002	13013000000
13013002003	13013002003
13013002003	13013002000
13013002003	13013000000
13013002004	13013002004
13013002004	13013002000
13013002004	13013000000
13013002005	13013002005
13013002005	13013002000
13013002005	13013000000
13013002006	13013002006
13013002006	13013002000
13013002006	13013000000
13013002007	13013002007
13013002007	13013002000
13013002007	13013000000
13013002008	13013002008
13013002008	13013002000
13013002008	13013000000
13013002009	13013002009
13013002009	13013002000
13013002009	13013000000
13013002010	13013002010
13013002010	13013002000
13013002010	13013000000
13013002011	13013002011
13013002011	13013002000
13013002011	13013000000
13013002012	13013002012
13013002012	13013002000
13013002012	13013000000
13013002013	13013002013
13013002013	13013002000
13013002013	13013000000
13013002014	13013002014
13013002014	13013002000
13013002014	13013000000
13013002015	13013002015
13013002015	13013002000
13013002015	13013000000
13013002016	13013002016
13013002016	13013002000
13013002016	13013000000
13013002017	13013002017
13013002017	13013002000
13013002017	13013000000
13013002018	13013002018
13013002018	13013002000
13013002018	13013000000
13013002019	13013002019
13013002019	13013002000
13013002019	13013000000
13013002020	13013002020
13013002020	13013002000
13013002020	13013000000
13013002021	13013002021
13013002021	13013002000
13013002021	13013000000
13013002022	13013002022
13013002022	13013002000
13013002022	13013000000
13013002023	13013002023
13013002023	13013002000
13013002023	13013000000
13013002024	13013002024
13013002024	13013002000
13013002024	13013000000
13013002025	13013002025
13013002025	13013002000
13013002025	13013000000
13013002026	13013002026
13013002026	13013002000
13013002026	13013000000
13013002027	13013002027
13013002027	13013002000
13013002027	13013000000
13013002028	13013002028
13013002028	13013002000
13013002028	13013000000
13013002029	13013002029
13013002029	13013002000
13013002029	13013000000
13013002030	13013002030
13013002030	13013002000
13013002030	13013000000
13013002031	13013002031
13013002031	13013002000
13013002031	13013000000
13013002032	13013002032
13013002032	13013002000
13013002032	13013000000
13013002033	13013002033
13013002033	13013002000
13013002033	13013000000
13013002034	13013002034
13013002034	13013002000
13013002034	13013000000
13013002035	13013002035
13013002035	13013002000
13013002035	13013000000
13013002036	13013002036
13013002036	13013002000
13013002036	13013000000
13013002037	13013002037
13013002037	13013002000
13013002037	13013000000
13013002038	13013002038
13013002038	13013002000
13013002038	13013000000
13013002039	13013002039
13013002039	13013002000
13013002039	13013000000
13013002040	13013002040
13013002040	13013002000
13013002040	13013000000
13013002041	13013002041
13013002041	13013002000
13013002041	13013000000
13013002042	13013002042
13013002042	13013002000
13013002042	13013000000
13013002043	13013002043
13013002043	13013002000
13013002043	13013000000
13013002044	13013002044
13013002044	13013002000
13013002044	13013000000
13013002045	13013002045
13013002045	13013002000
13013002045	13013000000
13013002046	13013002046
13013002046	13013002000
13013002046	13013000000
13013002047	13013002047
13013002047	13013002000
13013002047	13013000000
13013002048	13013002048
13013002048	13013002000
13013002048	13013000000
13013002049	13013002049
13013002049	13013002000
13013002049	13013000000
13013002050	13013002050
13013002050	13013002000
13013002050	13013000000
13013002051	13013002051
13013002051	13013002000
13013002051	13013000000
13013002052	13013002052
13013002052	13013002000
13013002052	13013000000
13013002053	13013002053
13013002053	13013002000
13013002053	13013000000
13013002054	13013002054
13013002054	13013002000
13013002054	13013000000
13013002055	13013002055
13013002055	13013002000
13013002055	13013000000
13013002056	13013002056
13013002056	13013002000
13013002056	13013000000
13013002057	13013002057
13013002057	13013002000
13013002057	13013000000
13013002058	13013002058
13013002058	13013002000
13013002058	13013000000
13013002059	13013002059
13013002059	13013002000
13013002059	13013000000
13013002060	13013002060
13013002060	13013002000
13013002060	13013000000
13013002061	13013002061
13013002061	13013002000
13013002061	13013000000
13013002062	13013002062
13013002062	13013002000
13013002062	13013000000
13013002063	13013002063
13013002063	13013002000
13013002063	13013000000
13013002064	13013002064
13013002064	13013002000
13013002064	13013000000
13013002065	13013002065
13013002065	13013002000
13013002065	13013000000
13013002066	13013002066
13013002066	13013002000
13013002066	13013000000
13013002067	13013002067
13013002067	13013002000
13013002067	13013000000
13013002068	13013002068
13013002068	13013002000
13013002068	13013000000
13013002069	13013002069
13013002069	13013002000
13013002069	13013000000
13013002070	13013002070
13013002070	13013002000
13013002070	13013000000
13013002071	13013002071
13013002071	13013002000
13013002071	13013000000
13013002072	13013002072
13013002072	13013002000
13013002072	13013000000
13013002073	13013002073
13013002073	13013002000
13013002073	13013000000
13013002074	13013002074
13013002074	13013002000
13013002074	13013000000
13013002075	13013002075
13013002075	13013002000
13013002075	13013000000
13013002076	13013002076
13013002076	13013002000
13013002076	13013000000
13013002077	13013002077
13013002077	13013002000
13013002077	13013000000
13013002078	13013002078
13013002078	13013002000
13013002078	13013000000
13013002079	13013002079
13013002079	13013002000
13013002079	13013000000
13013002080	13013002080
13013002080	13013002000
13013002080	13013000000
13013002081	13013002081
13013002081	13013002000
13013002081	13013000000
13013002082	13013002082
13013002082	13013002000
13013002082	13013000000
13013002083	13013002083
13013002083	13013002000
13013002083	13013000000
13013002084	13013002084
13013002084	13013002000
13013002084	13013000000
13013002085	13013002085
13013002085	13013002000
13013002085	13013000000
13013002086	13013002086
13013002086	13013002000
13013002086	13013000000
13013002087	13013002087
13013002087	13013002000
13013002087	13013000000
13013002088	13013002088
13013002088	13013002000
13013002088	13013000000
13013002089	13013002089
13013002089	13013002000
13013002089	13013000000
13013002090	13013002090
13013002090	13013002000
13013002090	13013000000
13013002091	13013002091
13013002091	13013002000
13013002091	13013000000
13013002092	13013002092
13013002092	13013002000
13013002092	13013000000
13013002093	13013002093
13013002093	13013002000
13013002093	13013000000
13013002094	13013002094
13013002094	13013002000
13013002094	13013000000
13013002095	13013002095
13013002095	13013002000
13013002095	13013000000
13013002096	13013002096
13013002096	13013002000
13013002096	13013000000
13013002097	13013002097
13013002097	13013002000
13013002097	13013000000
13013002098	13013002098
13013002098	13013002000
13013002098	13013000000
13013002099	13013002099
13013002099	13013002000
13013002099	13013000000
13013002100	13013002100
13013002100	13013002000
13013002100	13013000000
13013002101	13013002101
13013002101	13013002000
13013002101	13013000000
13013002102	13013002102
13013002102	13013002000
13013002102	13013000000
13013002103	13013002103
13013002103	13013002000
13013002103	13013000000
13013002104	13013002104
13013002104	13013002000
13013002104	13013000000
13013002105	13013002105
13013002105	13013002000
13013002105	13013000000
13013002106	13013002106
13013002106	13013002000
13013002106	13013000000
13013002107	13013002107
13013002107	13013002000
13013002107	13013000000
13013002108	13013002108
13013002108	13013002000
13013002108	13013000000
13013002109	13013002109
13013002109	13013002000
13013002109	13013000000
13013002110	13013002110
13013002110	13013002000
13013002110	13013000000
13013002111	13013002111
13013002111	13013002000
13013002111	13013000000
13013002112	13013002112
13013002112	13013002000
13013002112	13013000000
13013002113	13013002113
13013002113	13013002000
13013002113	13013000000
13013002114	13013002114
13013002114	13013002000
13013002114	13013000000
13013002115	13013002115
13013002115	13013002000
13013002115	13013000000
13013002116	13013002116
13013002116	13013002000
13013002116	13013000000
13013002117	13013002117
13013002117	13013002000
13013002117	13013000000
13013002118	13013002118
13013002118	13013002000
13013002118	13013000000
13013002119	13013002119
13013002119	13013002000
13013002119	13013000000
13013002120	13013002120
13013002120	13013002000
13013002120	13013000000
13013002121	13013002121
13013002121	13013002000
13013002121	13013000000
13013002122	13013002122
13013002122	13013002000
13013002122	13013000000
13013002123	13013002123
13013002123	13013002000
13013002123	13013000000
13013002124	13013002124
13013002124	13013002000
13013002124	13013000000
13013002125	13013002125
13013002125	13013002000
13013002125	13013000000
13013002126	13013002126
13013002126	13013002000
13013002126	13013000000
13013002127	13013002127
13013002127	13013002000
13013002127	13013000000
13013002128	13013002128
13013002128	13013002000
13013002128	13013000000
13013002129	13013002129
13013002129	13013002000
13013002129	13013000000
13013002130	13013002130
13013002130	13013002000
13013002130	13013000000
13013002131	13013002131
13013002131	13013002000
13013002131	13013000000
13013002132	13013002132
13013002132	13013002000
13013002132	13013000000
13013002133	13013002133
13013002133	13013002000
13013002133	13013000000
13013002134	13013002134
13013002134	13013002000
13013002134	13013000000
13013002135	13013002135
13013002135	13013002000
13013002135	13013000000
13013002136	13013002136
13013002136	13013002000
13013002136	13013000000
13013002137	13013002137
13013002137	13013002000
13013002137	13013000000
13013002138	13013002138
13013002138	13013002000
13013002138	13013000000
13013002139	13013002139
13013002139	13013002000
13013002139	13013000000
13013002140	13013002140
13013002140	13013002000
13013002140	13013000000
13013002141	13013002141
13013002141	13013002000
13013002141	13013000000
13013002142	13013002142
13013002142	13013002000
13013002142	13013000000
13013002143	13013002143
13013002143	13013002000
13013002143	13013000000
13013002144	13013002144
13013002144	13013002000
13013002144	13013000000
13013002145	13013002145
13013002145	13013002000
13013002145	13013000000
13013002146	13013002146
13013002146	13013002000
13013002146	13013000000
13013002147	13013002147
13013002147	13013002000
13013002147	13013000000
13013002148	13013002148
13013002148	13013002000
13013002148	13013000000
13013002149	13013002149
13013002149	13013002000
13013002149	13013000000
13013002150	13013002150
13013002150	13013002000
13013002150	13013000000
13013002151	13013002151
13013002151	13013002000
13013002151	13013000000
13013002152	13013002152
13013002152	13013002000
13013002152	13013000000
13013002153	13013002153
13013002153	13013002000
13013002153	13013000000
13013002154	13013002154
13013002154	13013002000
13013002154	13013000000
13013002155	13013002155
13013002155	13013002000
13013002155	13013000000
13013002156	13013002156
13013002156	13013002000
13013002156	13013000000
13013002157	13013002157
13013002157	13013002000
13013002157	13013000000
13013002158	13013002158
13013002158	13013002000
13013002158	13013000000
13013002159	13013002159
13013002159	13013002000
13013002159	13013000000
13013002160	13013002160
13013002160	13013002000
13013002160	13013000000
13013002161	13013002161
13013002161	13013002000
13013002161	13013000000
13013002162	13013002162
13013002162	13013002000
13013002162	13013000000
13013002163	13013002163
13013002163	13013002000
13013002163	13013000000
13013002164	13013002164
13013002164	13013002000
13013002164	13013000000
13013002165	13013002165
13013002165	13013002000
13013002165	13013000000
13013002166	13013002166
13013002166	13013002000
13013002166	13013000000
13013002167	13013002167
13013002167	13013002000
13013002167	13013000000
13013002168	13013002168
13013002168	13013002000
13013002168	13013000000
13013002169	13013002169
13013002169	13013002000
13013002169	13013000000
13013002170	13013002170
13013002170	13013002000
13013002170	13013000000
13013002171	13013002171
13013002171	13013002000
13013002171	13013000000
13013003000	13013003000
13013003000	13013000000
13013003001	13013003001
13013003001	13013003000
13013003001	13013000000
13013003002	13013003002
13013003002	13013003000
13013003002	13013000000
13013003003	13013003003
13013003003	13013003000
13013003003	13013000000
13013004000	13013004000
13013004000	13013000000
13013005000	13013005000
13013005000	13013000000
13013005001	13013005001
13013005001	13013005000
13013005001	13013000000
13013005002	13013005002
13013005002	13013005000
13013005002	13013000000
13013005003	13013005003
13013005003	13013005000
13013005003	13013000000
13013005004	13013005004
13013005004	13013005000
13013005004	13013000000
13013005005	13013005005
13013005005	13013005000
13013005005	13013000000
13013005006	13013005006
13013005006	13013005000
13013005006	13013000000
13014000000	13014000000
13014003000	13014003000
13014003000	13014000000
13014008000	13014008000
13014008000	13014000000
13014008001	13014008001
13014008001	13014008000
13014008001	13014000000
13014008002	13014008002
13014008002	13014008000
13014008002	13014000000
13014008003	13014008003
13014008003	13014008000
13014008003	13014000000
13014008004	13014008004
13014008004	13014008000
13014008004	13014000000
13014008005	13014008005
13014008005	13014008000
13014008005	13014000000
13014008006	13014008006
13014008006	13014008000
13014008006	13014000000
13014008007	13014008007
13014008007	13014008000
13014008007	13014000000
13014008008	13014008008
13014008008	13014008000
13014008008	13014000000
13014008009	13014008009
13014008009	13014008000
13014008009	13014000000
13015000000	13015000000
13015001000	13015001000
13015001000	13015000000
13015001001	13015001001
13015001001	13015001000
13015001001	13015000000
13015001002	13015001002
13015001002	13015001000
13015001002	13015000000
13015001003	13015001003
13015001003	13015001000
13015001003	13015000000
13015001004	13015001004
13015001004	13015001000
13015001004	13015000000
13015001005	13015001005
13015001005	13015001000
13015001005	13015000000
13015001006	13015001006
13015001006	13015001000
13015001006	13015000000
13015002000	13015002000
13015002000	13015000000
13015003000	13015003000
13015003000	13015000000
13015004000	13015004000
13015004000	13015000000
13015004001	13015004001
13015004001	13015004000
13015004001	13015000000
13015004002	13015004002
13015004002	13015004000
13015004002	13015000000
13015004003	13015004003
13015004003	13015004000
13015004003	13015000000
13015004004	13015004004
13015004004	13015004000
13015004004	13015000000
13015004005	13015004005
13015004005	13015004000
13015004005	13015000000
13015004006	13015004006
13015004006	13015004000
13015004006	13015000000
13015004007	13015004007
13015004007	13015004000
13015004007	13015000000
13015004008	13015004008
13015004008	13015004000
13015004008	13015000000
13015004009	13015004009
13015004009	13015004000
13015004009	13015000000
13015005000	13015005000
13015005000	13015000000
13015006000	13015006000
13015006000	13015000000
13015006001	13015006001
13015006001	13015006000
13015006001	13015000000
13015006002	13015006002
13015006002	13015006000
13015006002	13015000000
13015006005	13015006005
13015006005	13015006000
13015006005	13015000000
13015007000	13015007000
13015007000	13015000000
13015008000	13015008000
13015008000	13015000000
13015008001	13015008001
13015008001	13015008000
13015008001	13015000000
13015008002	13015008002
13015008002	13015008000
13015008002	13015000000
13015009000	13015009000
13015009000	13015000000
13015010000	13015010000
13015010000	13015000000
13017000000	13017000000
13017001000	13017001000
13017001000	13017000000
13017002000	13017002000
13017002000	13017000000
13017003000	13017003000
13017003000	13017000000
13017005000	13017005000
13017005000	13017000000
13017006000	13017006000
13017006000	13017000000
13018000000	13018000000
13018001000	13018001000
13018001000	13018000000
13018001001	13018001001
13018001001	13018001000
13018001001	13018000000
13018001002	13018001002
13018001002	13018001000
13018001002	13018000000
13018001003	13018001003
13018001003	13018001000
13018001003	13018000000
13018002000	13018002000
13018002000	13018000000
13018002001	13018002001
13018002001	13018002000
13018002001	13018000000
13018002002	13018002002
13018002002	13018002000
13018002002	13018000000
13018002003	13018002003
13018002003	13018002000
13018002003	13018000000
13018002004	13018002004
13018002004	13018002000
13018002004	13018000000
13018002005	13018002005
13018002005	13018002000
13018002005	13018000000
13018002006	13018002006
13018002006	13018002000
13018002006	13018000000
13018003000	13018003000
13018003000	13018000000
13018003001	13018003001
13018003001	13018003000
13018003001	13018000000
13018003002	13018003002
13018003002	13018003000
13018003002	13018000000
13018003003	13018003003
13018003003	13018003000
13018003003	13018000000
13018003004	13018003004
13018003004	13018003000
13018003004	13018000000
13018003005	13018003005
13018003005	13018003000
13018003005	13018000000
13018003006	13018003006
13018003006	13018003000
13018003006	13018000000
13018003007	13018003007
13018003007	13018003000
13018003007	13018000000
13018003008	13018003008
13018003008	13018003000
13018003008	13018000000
13018003009	13018003009
13018003009	13018003000
13018003009	13018000000
13018003010	13018003010
13018003010	13018003000
13018003010	13018000000
13018003011	13018003011
13018003011	13018003000
13018003011	13018000000
13018003012	13018003012
13018003012	13018003000
13018003012	13018000000
13018003013	13018003013
13018003013	13018003000
13018003013	13018000000
13018003014	13018003014
13018003014	13018003000
13018003014	13018000000
13018003015	13018003015
13018003015	13018003000
13018003015	13018000000
13018004000	13018004000
13018004000	13018000000
13018005000	13018005000
13018005000	13018000000
13018005001	13018005001
13018005001	13018005000
13018005001	13018000000
13018005002	13018005002
13018005002	13018005000
13018005002	13018000000
13018005003	13018005003
13018005003	13018005000
13018005003	13018000000
13018005004	13018005004
13018005004	13018005000
13018005004	13018000000
13018005005	13018005005
13018005005	13018005000
13018005005	13018000000
13018005006	13018005006
13018005006	13018005000
13018005006	13018000000
13018005007	13018005007
13018005007	13018005000
13018005007	13018000000
13018005008	13018005008
13018005008	13018005000
13018005008	13018000000
13019000000	13019000000
13022000000	13022000000
13022001000	13022001000
13022001000	13022000000
13022002000	13022002000
13022002000	13022000000
13022003000	13022003000
13022003000	13022000000
13022004000	13022004000
13022004000	13022000000
13022005000	13022005000
13022005000	13022000000
13022006000	13022006000
13022006000	13022000000
13022007000	13022007000
13022007000	13022000000
13022008000	13022008000
13022008000	13022000000
13029000000	13029000000
13029001000	13029001000
13029001000	13029000000
13029002000	13029002000
13029002000	13029000000
13029003000	13029003000
13029003000	13029000000
13029004000	13029004000
13029004000	13029000000
13029005000	13029005000
13029005000	13029000000